XTraffic_mri.p4.json,10000,0,2000,10410,19,39.690,6.922,0,3008,3196,3384,3595,3807,4042,4277,4535,4817,5099,5405,5734,6086,6462,6862,7285,7731,8201,8695,9235,9799,10410,11045,9730,10269,10904,9613,10152,9868,9447,10034,10645,11303,12008,10027,11162,11844,12572,9372,9691,10222,10857,11515,9620,9782,9376,9940,9653,9235,9799,10410
XTraffic_mri.p4.json,10000,0,2000,9893,2,38.609,3.142,0,9940,10551,11209,9867,10410,11045,9730,10269,10904,11585,9675,10763,11421,9546,9718,9306,9870,9589,9188,9752,10340,10974,11656,9749,10857,9555,10081,9782,9376,9940,10551,11209,9867,9524,9118,9682,9832,9832,9832,9832,9832,10269,10904,9613,10152,10786,11444,12149,9607,9860,9893
XTraffic_mri.p4.json,10000,0,2000,9555,12,40.574,5.434,0,9588,10175,10810,11468,9583,9761,9353,9917,10528,11186,11867,12596,9957,9711,10246,9954,9541,10128,9825,9400,9987,10598,9819,9870,10481,9696,9729,10316,10019,9588,10175,10810,11468,12173,9625,11327,12032,9520,11186,11867,9380,9614,9658,10246,10880,9574,10105,10716,11374,12079,9555
XTraffic_mri.p4.json,10000,0,2000,9212,8,39.905,5.875,0,12220,9660,11350,12055,12807,9553,9886,10434,11068,9750,10293,9997,9564,10152,9868,9447,10034,10645,9860,9893,10504,9717,9752,10340,9573,9611,10199,10833,10024,10058,10669,11327,12032,12784,10115,9867,10410,11045,11726,12455,9852,9613,10152,10786,9983,10034,9739,9329,9893,9610,9212
XTraffic_mri.p4.json,10000,0,2000,11209,17,41.747,8.311,0,10669,11327,9984,10528,9758,9799,10410,11045,11726,12455,13230,14053,14922,15839,8950,9091,12901,10202,9964,10528,9758,9799,10410,9635,9682,10269,10904,11585,9675,9847,9423,10011,10622,9840,9870,10481,11115,11797,12525,9905,9672,9765,10199,9911,9494,10081,9782,9376,9940,10551,11209
XTraffic_mri.p4.json,10000,0,2000,9799,1,39.347,4.174,0,10692,9901,9940,10551,9778,9823,10434,9655,9705,10293,9532,9564,10152,10786,11444,9564,9739,9329,9893,10504,11139,11820,9879,10998,11679,12408,9817,11538,9638,10716,11374,10023,10575,11233,9886,10434,9655,9705,10293,10927,9633,10175,9890,9470,10058,10669,9881,9917,10528,9758,9799
XTraffic_mri.p4.json,10000,0,2000,9752,1,40.931,6.160,0,9942,9987,10598,9819,9870,10481,9696,9729,10316,10951,9652,10199,10833,11491,12196,12948,9652,9472,10528,11186,9847,9945,10387,9614,9658,10246,10880,9574,10105,10716,9922,9964,10575,11233,11914,12643,9992,11750,9823,10927,11609,9694,10786,9983,10034,9739,9329,9893,10504,9717,9752
XTraffic_mri.p4.json,10000,0,2000,9805,1,40.988,6.386,0,9860,9893,10504,9717,9752,10340,9573,9611,10199,9911,9494,10081,9782,9376,9940,10551,11209,11891,9934,11045,9730,10269,9976,9541,10128,10739,9942,9987,10598,9819,9870,10481,9696,9729,10316,10019,9588,10175,9890,9470,10058,10669,9881,9917,10528,9758,9799,10410,11045,11726,9805
XTraffic_mri.p4.json,10000,0,2000,9776,28,40.237,5.941,0,3008,3196,3384,3595,3807,4042,4277,4535,4817,5099,5405,5734,6086,6462,6862,7285,7731,8201,8695,9235,9799,10410,9635,9682,10269,10904,11585,12290,9712,9963,10011,9718,9306,9870,10035,10481,9696,9729,10316,9553,9588,10175,9890,9470,10058,10669,9881,9917,9632,9212,9776
XTraffic_mri.p4.json,10000,0,4000,9870,9,38.279,3.403,0,10669,9881,9917,10528,9758,9799,10410,11045,11726,9805,9976,9541,10128,9825,9400,9987,10598,9819,9870,10035,10481,11115,9789,10340,10974,9672,10199,10833,11491,12196,9642,11350,9490,10551,11209,9867,10410,9635,9682,9832,9832,10269,9976,9541,10128,9825,9400,9987,10598,9819,9870
XTraffic_mri.p4.json,10000,0,6000,12549,1,39.825,5.718,0,9400,9987,10598,9819,9870,10481,9696,9729,10316,9553,9588,10175,10810,9516,10034,10645,9379,9893,9610,9212,9776,10387,9145,9658,10246,10880,9574,10105,10716,9922,9964,10575,11233,11914,12643,9421,11750,12478,13254,9883,12337,9747,10004,10034,9739,9329,9893,10504,11139,11820,12549
XTraffic_mri.p4.json,10000,0,8000,10410,30,39.172,7.470,0,8977,10551,11209,11891,9934,9635,9682,10269,10904,9613,10152,10786,11444,9564,10645,9379,9893,10504,11139,11820,12549,9922,9691,10222,9933,9517,10105,10716,11374,9509,9675,9259,9823,10434,9655,9705,10293,10927,9633,10175,9890,9470,10058,10669,11327,12032,9520,9758,9799,10410
XTraffic_mri.p4.json,10000,0,10000,9611,1,38.096,4.228,0,10551,9301,9823,10434,9655,9705,10293,9532,9564,10152,10786,11444,10081,10645,9860,9893,10504,9717,9752,10340,10974,11656,9749,10857,11515,12220,12972,9669,12055,9537,11209,11891,12619,9405,9730,10269,10904,11585,9675,9847,9423,10011,10622,9840,9870,10481,11115,9789,10340,9573,9611
XTraffic_mri.p4.json,10000,1,2000,9883,40,39.105,3.630,0,11092,9769,10316,10951,9652,10199,9911,9494,10081,10692,11350,10003,10551,11209,11891,12619,13395,9982,12455,13230,9867,12314,9730,11444,12149,12901,9619,9964,10528,11186,11867,12596,9388,9711,10246,10880,11538,12243,12995,13794,9656,12831,13630,10164,12666,13442,14264,9338,13254,9883
XTraffic_mri.p4.json,10000,1,4000,12267,3,41.068,6.291,0,11068,11750,12478,9870,9633,10175,9890,9470,10058,9761,9353,9917,10528,11186,11867,12596,13371,14194,9935,9817,11538,12243,9677,9922,9964,9675,9259,9823,10434,11068,9750,10293,10927,11609,12314,13066,9735,12149,12901,13700,14546,15439,16403,17413,18494,10450,9882,9935,13183,9834,12267
XTraffic_mri.p4.json,10000,1,6000,9761,3,38.921,6.523,0,9922,9982,13254,9883,9712,10810,10004,10034,10645,9860,9893,10504,11139,11820,12549,13324,9933,9749,10857,11515,9620,10692,11350,9490,10551,11209,11891,12619,13395,14217,9951,13207,14029,9827,9712,9963,10011,9718,9306,9870,10481,9696,9729,10316,10951,11632,9712,9890,9470,10058,9761
XTraffic_mri.p4.json,10000,1,8000,9509,3,42.190,5.749,0,12384,13136,13935,9765,9660,9901,9940,9653,9235,9799,9967,10410,9635,9682,10269,9512,9541,10128,9825,9400,9987,9696,9282,9846,10457,9676,9705,10293,10927,9633,10175,10810,11468,9583,10669,11327,12032,9520,11186,11867,12596,9957,9711,9810,10246,10880,10065,10105,10716,11374,9509
XTraffic_mri.p4.json,10000,1,10000,9917,36,45.240,7.190,0,13935,9765,9660,9901,9940,10551,11209,11891,9934,11045,11726,12455,9852,11585,12290,13042,13841,14687,9628,9586,9925,10481,11115,9789,10340,10974,11656,9749,9933,9517,10105,10716,11374,12079,12831,13630,10164,9432,9676,9705,10293,10927,9633,10175,9890,9470,10058,10669,9881,9917
XTraffic_mri.p4.json,10000,2,2000,9971,22,40.428,5.539,0,12196,12948,9652,9472,10528,11186,11867,12596,9957,11703,12431,9835,11562,9657,10739,9942,9987,10598,11256,11938,9432,11092,9769,10316,10019,9588,10175,9890,9470,10058,9761,9353,9917,10528,11186,11867,9916,11021,11703,12431,9835,10086,10128,9825,9400,9987,10598,11256,11938,9971
XTraffic_mri.p4.json,10000,2,4000,10974,40,42.146,6.866,0,9537,11209,9867,10410,9635,9682,10269,10904,11585,9675,10763,9477,10011,10622,11280,11985,10008,9717,9752,10340,10974,11656,12384,13136,9784,9601,10692,9418,9940,10551,11209,11891,12619,13395,14217,15087,16027,9774,9827,9712,11421,12126,9590,9840,9870,10481,11115,11797,9860,10974
XTraffic_mri.p4.json,10000,2,6000,11703,30,41.769,5.098,0,11186,11867,9916,11021,11703,12431,9835,9594,10128,10739,11397,12102,9572,9819,9870,10481,11115,11797,10393,10040,9611,10199,10833,11491,9601,10692,9901,9940,10551,9778,9823,10434,11068,11750,9823,10927,11609,9694,10786,11444,12149,12901,9619,12008,10027,11162,11844,9897,11021,11703
XTraffic_mri.p4.json,10000,2,8000,10152,39,44.228,7.303,0,9828,10363,10998,9691,10222,10857,11515,9620,10692,11350,12055,12807,13606,14452,9468,13442,14264,15134,16074,9801,9858,9747,10004,10034,10645,11303,12008,12737,13512,14335,15228,9976,9933,9749,10857,11515,9620,9782,9376,9940,9653,9235,9799,10410,11045,9730,10269,10904,9613,10152
XTraffic_mri.p4.json,10000,2,10000,10004,27,40.654,5.243,0,9842,10951,11632,9712,10810,11468,9583,10669,11327,12032,12784,9537,11891,9934,11045,11726,9275,10904,11585,12290,13042,9718,12126,12878,9603,11985,12713,10045,9808,10363,10998,9691,10222,9933,9517,10105,10716,9922,9964,10575,9799,9846,10457,11092,9769,10316,10951,11632,9712,10810,10004
XTraffic_mri.p4.json,10000,0,2000,9940,41,44.116,14.761,0,9532,9564,10152,9868,9447,10034,10645,11303,12008,10027,11162,9828,10363,10998,11679,12408,9817,9574,10105,10716,11374,9509,10575,9799,9846,10457,9676,9705,10293,10927,11609,9694,10786,11444,9564,9739,9329,9893,10504,9717,9752,10340,10974,11656,9749,10857,9555,10081,9782,9376,9940
XTraffic_mri.p4.json,10000,0,4000,10504,1,41.981,8.766,0,9470,10058,10669,9881,9917,10528,11186,9847,10387,9614,9658,10246,10880,9574,10105,10716,9922,9964,9675,9259,9823,10434,9655,9705,10293,9997,9564,10152,10786,11444,12149,12901,9619,9964,10528,9758,9799,10410,11045,11726,12455,13230,14053,8572,13066,13865,9077,12878,9603,9945,10504
XTraffic_mri.p4.json,10000,0,6000,10481,1,38.313,6.461,0,10004,10034,10645,9860,9893,10504,11139,9808,10363,9594,9635,10222,9933,9517,10105,10716,9438,9964,10575,9799,9846,9567,9165,9729,10316,10951,11632,9712,9890,9470,10058,10669,9881,9917,10528,11186,9847,10387,9614,9658,10246,9954,9541,10128,9825,9400,9987,10598,9819,9870,10481
XTraffic_mri.p4.json,10000,0,8000,9635,1,38.258,4.164,0,9987,10598,9819,9870,10481,9696,9729,10316,10951,9652,10199,10833,9535,10058,9307,9353,9917,10528,11186,11867,12596,13371,9362,9786,9491,9541,10128,10739,9942,9987,10598,9340,9870,10481,9696,9729,10316,10019,9588,10175,10810,11468,9583,10669,9881,9917,10528,9758,9799,10410,9635
XTraffic_mri.p4.json,10000,0,10000,9705,38,37.379,3.868,0,10598,11256,9906,10457,11092,11773,9842,10951,9157,10199,10833,11491,12196,12948,9652,9984,10528,9758,9799,10410,11045,11726,9275,10904,9613,10152,10786,11444,9564,10645,11303,12008,9485,11162,9828,10363,10998,11679,9768,9471,9517,10105,10716,9922,9964,9675,9259,9823,10434,9655,9705
XTraffic_mri.p4.json,10000,1,2000,14053,40,45.049,7.613,0,9235,9799,10410,11045,11726,12455,9852,11585,12290,13042,13841,9687,9572,11256,9906,10457,11092,9769,10316,10951,11632,12337,9747,11468,12173,12925,9636,12008,12737,10062,11844,12572,9940,9691,10222,10857,11515,12220,12972,13771,14617,15510,16473,17484,18565,19716,10246,9750,9903,14053
XTraffic_mri.p4.json,10000,1,4000,9827,40,43.326,9.268,0,11773,12502,13277,14100,14969,15886,9693,9749,12948,13747,9625,12784,9537,9867,10410,9635,9682,10269,10904,11585,12290,13042,13841,9687,12854,13653,9563,9990,11115,11797,12525,13301,14123,14993,15909,16896,17930,19035,9890,10165,9555,10097,11867,12596,9957,11703,12431,13207,14029,9827
XTraffic_mri.p4.json,10000,1,6000,9400,1,39.831,4.404,0,9823,9997,9564,10152,9868,9447,10034,10645,9860,9893,10504,11139,11820,12549,13324,14147,15016,15933,16920,9562,15745,16708,9437,9584,9553,9886,10434,9655,9705,10293,10927,9633,10175,10810,10004,10034,10645,11303,9964,9632,9212,9776,10387,11021,9711,10246,9954,9541,10128,9825,9400
XTraffic_mri.p4.json,10000,1,8000,10185,2,39.539,3.731,0,10857,11515,9620,10692,9901,9940,10551,9778,9823,9546,9141,9705,10293,9532,9564,10152,10786,11444,12149,12901,13700,14546,9526,13512,14335,15228,9976,14147,15016,15933,9720,14805,9700,9669,10003,10551,11209,11891,12619,13395,9377,9805,10904,11585,12290,13042,9718,12126,12878,10185
XTraffic_mri.p4.json,10000,1,10000,9799,7,44.557,12.338,0,9735,9564,9739,9329,9893,9610,9212,9776,9945,10387,11021,9711,10246,9491,9541,10128,10739,9942,9987,9696,9282,9846,10457,11092,11773,12502,13277,9900,9712,10810,10004,10034,10645,9860,9893,10504,11139,11820,12549,9355,9691,10222,10857,11515,12220,12972,9669,9490,9653,9235,9799
XTraffic_mri.p4.json,10000,2,2000,11867,5,44.152,8.400,0,11374,10023,10575,11233,11914,9415,9655,9705,10293,9532,9564,10152,10786,9983,10034,10645,11303,12008,12737,13512,14335,15228,16168,17178,18236,10300,10454,14828,15745,16708,9437,9584,9553,11914,12643,13418,9999,12478,13254,9883,12337,13089,9751,9583,10669,11327,9984,10528,11186,11867
XTraffic_mri.p4.json,10000,2,4000,9916,2,41.758,5.508,0,9940,10551,11209,9867,10410,11045,9730,10269,10904,11585,9675,10763,11421,12126,12878,9603,9945,10504,11139,9808,10363,10998,11679,12408,9817,11538,12243,12995,10272,12079,9555,11233,9886,10434,9655,9705,10293,10927,9633,10175,9890,9470,10058,10669,11327,9984,10528,11186,11867,9916
XTraffic_mri.p4.json,10000,2,6000,9635,35,41.805,5.676,0,10528,9758,9799,10410,11045,9730,10269,10904,11585,12290,13042,13841,9687,9572,9819,9870,10481,11115,9789,10340,10974,11656,12384,13136,13935,9135,12972,10255,12055,9537,9778,9823,10434,11068,11750,9823,9997,9564,10152,10786,9983,10034,9739,9329,9893,10504,11139,9808,10363,9594,9635
XTraffic_mri.p4.json,10000,2,8000,9922,40,48.650,11.724,0,10504,11139,11820,12549,13324,14147,9904,13160,13982,14852,15768,9612,9656,12831,13630,14476,15369,16309,17319,18400,8725,9828,14969,9126,13912,14781,9686,9652,12032,12784,13583,14429,15322,16262,17272,18330,9522,9787,9842,13066,9735,9564,10645,11303,12008,12737,13512,9455,12549,9922
XTraffic_mri.p4.json,10000,2,10000,9949,40,42.671,6.985,0,11186,11867,9916,11021,11703,12431,13207,14029,9827,9712,11421,12126,9590,11280,11985,9467,11139,9808,10363,10998,11679,12408,9817,11538,12243,9677,11374,12079,12831,9570,11938,12666,10010,11773,12502,9887,11632,9712,10810,11468,12173,12925,13724,9610,12760,9504,11844,12572,13348,9949
XTraffic_mri.p4.json,10000,0,2000,9997,18,38.853,5.210,0,9799,9967,9967,10410,11045,11726,9805,9976,9541,9697,10128,10739,11397,9527,9696,9282,9846,10457,11092,9769,10316,10019,9588,10175,9890,9470,10058,10669,11327,12032,12784,9537,11891,9934,11045,9730,10269,9976,9541,10128,10739,9942,9987,9696,9282,9846,10457,9676,9705,10293,9997
XTraffic_mri.p4.json,10000,0,4000,9835,1,41.979,5.237,0,10434,9655,9705,10293,10927,9633,10175,10810,10004,10034,10645,9860,9893,10504,11139,11820,9879,10998,11679,12408,13183,9834,9657,9825,9400,9987,10598,11256,11938,12666,10010,9769,10316,10951,11632,12337,9747,11468,9583,10669,11327,12032,10064,11186,11867,12596,9957,11703,12431,9835
XTraffic_mri.p4.json,10000,0,6000,10081,5,38.223,4.003,0,11045,11726,12455,13230,14053,9842,9730,9983,10034,10645,9379,9893,9610,9212,9776,10387,9614,9658,10246,10880,11538,9638,10716,9922,9964,10575,9799,9846,10457,9676,9705,10293,10927,9633,10175,10810,9516,10034,10645,9860,9893,10504,9717,9752,10340,10974,11656,9749,10857,9065,10081
XTraffic_mri.p4.json,10000,0,8000,10034,25,38.345,3.733,0,10927,11609,12314,9730,9983,10034,10645,11303,9453,10528,9758,9799,10410,9635,9682,10269,10904,11585,12290,13042,13841,9687,9572,11256,11938,9971,11092,9769,10316,10951,9157,10199,9911,9494,10081,10692,9901,9940,10551,9778,9823,10434,11068,11750,9292,9997,9564,10152,9868,9447,10034
XTraffic_mri.p4.json,10000,0,10000,10598,25,37.687,4.186,0,9613,10152,10786,11444,9047,10645,11303,9453,9632,9212,9776,10387,11021,11703,9257,10880,9574,10105,10716,11374,12079,12831,13630,9548,12666,9438,9769,10316,9553,9588,10175,9430,9470,10058,10669,11327,9472,10528,9758,9799,10410,11045,9231,10269,9976,9541,10128,9825,9400,9987,10598
XTraffic_mri.p4.json,10000,1,2000,10645,40,43.367,7.171,0,12290,13042,9718,12126,12878,9603,11985,12713,13489,14311,10028,9922,11679,12408,13183,14006,14875,9744,9702,10042,10598,11256,11938,12666,10010,11773,12502,9887,9652,10199,10833,11491,12196,12948,13747,9625,12784,13583,10131,12643,13418,14241,15110,9903,14053,9842,9730,11444,9564,10645
XTraffic_mri.p4.json,10000,1,4000,13818,40,41.662,6.601,0,9817,11538,12243,12995,13794,9656,12831,13630,14476,9483,10027,10291,10340,10974,11656,9749,9933,9517,10105,10716,11374,12079,12831,13630,9548,12666,13442,14264,15134,16074,17061,9637,9787,13888,9718,9607,9860,9893,10504,11139,11820,12549,9922,11679,12408,13183,14006,14875,9744,13818
XTraffic_mri.p4.json,10000,1,6000,12737,23,39.304,5.517,0,14029,14899,9758,9718,9546,9718,9306,9870,10481,11115,9789,10340,10974,11656,12384,13136,13935,14805,9700,13771,14617,15510,16473,10044,10090,9975,9730,10269,9976,9541,10128,10739,9942,9987,10598,11256,9906,10457,11092,11773,12502,13277,9900,12337,13089,9751,12173,12925,9636,12008,12737
XTraffic_mri.p4.json,10000,1,8000,9776,4,40.241,4.506,0,9400,9987,10598,11256,9906,10457,9676,9705,10293,9997,9564,10152,9868,9447,10034,10645,11303,12008,12737,13512,14335,15228,16168,17178,18236,19364,10062,18001,19105,20280,9618,10025,16497,17507,18588,19740,20962,9943,9533,17061,18118,9418,9679,9734,12925,9636,9964,9632,9212,9776
XTraffic_mri.p4.json,10000,1,10000,9655,8,44.590,15.758,0,10023,9675,9259,9823,10434,11068,11750,12478,9870,9633,10175,9890,9470,10058,9761,9353,9917,10528,9758,9799,10410,9635,9682,10269,10904,11585,9675,10763,9963,10011,9718,9306,9870,10481,11115,11797,12525,9905,11656,12384,13136,13935,14805,9700,13771,9641,10082,9778,9823,10434,9655
XTraffic_mri.p4.json,10000,2,2000,11256,16,39.889,4.964,0,10062,9718,9306,9870,10481,11115,11797,12525,9905,11656,12384,13136,9784,9601,9782,9376,9940,10551,11209,9867,10410,11045,9730,9832,9832,10269,10904,9613,10152,10786,11444,12149,12901,9619,12008,12737,13512,10065,9879,10998,11679,12408,13183,9834,12267,13019,9702,10042,10598,11256
XTraffic_mri.p4.json,10000,2,4000,9893,1,43.072,6.522,0,9541,10128,10739,11397,9527,10598,11256,9906,10457,11092,9769,10316,10951,11632,12337,13089,9751,12173,12925,13724,9610,12760,10080,11844,12572,9940,11679,12408,9817,11538,12243,12995,9685,10023,10575,11233,9886,10434,11068,11750,12478,9870,11609,12314,9730,9983,10034,10645,9860,9893
XTraffic_mri.p4.json,10000,2,6000,11068,3,42.382,6.892,0,12196,12948,9652,9984,10528,11186,9847,10387,11021,11703,9786,10880,11538,12243,9677,11374,12079,12831,9570,11938,12666,13442,9408,12502,13277,9900,9712,10810,11468,12173,9625,9881,9917,10528,11186,9847,10387,9614,9658,10246,10880,10065,10105,9804,9376,9940,10551,9778,9823,10434,11068
XTraffic_mri.p4.json,10000,2,8000,9682,22,41.060,7.067,0,10062,9517,9563,9990,11115,11797,9860,10974,9672,10199,10833,11491,12196,12948,9652,12032,12784,9537,9867,10410,11045,11726,9805,9976,9541,10128,10739,9942,9987,10598,9819,9870,10481,11115,11797,12525,9905,11656,12384,13136,9784,12196,9642,9901,9940,10551,11209,9867,10410,9635,9682
XTraffic_mri.p4.json,10000,2,10000,11750,40,43.068,7.310,0,13653,14499,9497,10045,11820,9879,10998,11679,9768,10857,11515,9620,10692,11350,12055,12807,10132,9886,10434,11068,11750,12478,9870,11609,12314,9730,11444,12149,9607,11303,12008,10027,11162,11844,12572,9940,11679,12408,9817,11538,12243,12995,13794,9656,9555,11233,11914,12643,9421,11750
XTraffic_mri.p4.json,10000,0,2000,9705,40,40.040,5.537,0,11985,10008,11139,11820,9879,10998,11679,9768,10857,11515,9620,9782,9376,9940,10551,9778,9823,10434,11068,11750,12478,13254,9883,12337,9747,11468,12173,9625,9881,9917,10528,11186,11867,12596,13371,9966,9786,10880,11538,9638,10716,11374,10023,10575,9799,9846,10012,10457,9676,9705
XTraffic_mri.p4.json,10000,0,4000,9635,1,41.195,7.550,0,11891,9934,9635,9682,10269,10904,9613,9720,10152,9868,9447,10034,10645,9860,9893,10504,9717,9752,9900,10340,10974,9672,10199,9911,9494,10081,10692,11350,10003,10551,9778,9823,10434,9655,9705,10293,9532,9564,10152,9868,9447,10034,10645,9860,9893,10504,11139,11820,9879,9594,9635
XTraffic_mri.p4.json,10000,0,6000,11703,1,39.948,4.942,0,9758,9799,10410,11045,9730,10269,10904,9613,10152,9868,9447,10034,10645,9860,9893,9610,9212,9776,10387,11021,11703,9786,10880,11538,12243,9677,11374,10023,9675,9259,9823,10434,9655,9705,10293,9532,9564,10152,10786,9983,10034,10645,11303,12008,10027,11162,11844,9362,11021,11703
XTraffic_mri.p4.json,10000,0,8000,10199,12,39.797,11.701,0,9776,10387,9614,9658,10246,10880,11538,9638,10716,9922,9964,9675,9259,9823,10434,11068,9250,10293,10927,9633,10175,10810,10004,10034,10645,11303,12008,10027,9737,9776,10387,11021,11703,9786,10880,11538,12243,9677,11374,9509,10575,9799,9846,9567,9165,9729,10316,10951,9652,10199
XTraffic_mri.p4.json,10000,0,10000,10175,9,38.465,5.483,0,12572,9940,9691,9787,10222,10857,11515,12220,12972,9669,10003,10551,11209,9867,10410,11045,9730,10269,10904,9613,10152,10786,11444,9564,10645,9379,9893,10504,11139,11820,9879,10998,9691,10222,10857,9555,10081,9327,9376,9940,10551,9778,9823,10434,11068,9750,10293,10927,9633,10175
XTraffic_mri.p4.json,10000,1,2000,10810,40,43.431,7.549,0,10293,10927,9633,10175,10810,10004,10034,10645,11303,12008,12737,9487,11844,12572,9940,11679,12408,13183,14006,14875,15792,16779,8717,15604,9517,9563,9990,11115,11797,12525,13301,9916,9731,10833,11491,12196,9642,11350,12055,12807,13606,9532,9971,11092,11773,9842,10019,9588,10175,10810
XTraffic_mri.p4.json,10000,1,4000,16967,24,43.667,8.184,0,13277,14100,9873,9765,9535,10058,10669,11327,12032,12784,13583,14429,10106,9992,11750,12478,13254,9883,12337,13089,9751,9583,10669,11327,9472,10528,9758,9799,10410,9635,9682,10269,10904,9613,10152,10786,11444,12149,12901,9619,12008,12737,13512,14335,15228,16168,9868,15040,15980,16967
XTraffic_mri.p4.json,10000,1,6000,9660,5,41.183,8.831,0,9982,9805,10904,11585,12290,9712,9963,10011,10622,11280,9945,10504,11139,9808,10363,9594,9635,10222,10857,11515,12220,9660,9901,9940,10551,9778,9823,10434,9655,9705,10293,10927,11609,9694,9868,9447,10034,10645,11303,12008,12737,13512,14335,15228,9976,9331,9749,10857,11515,12220,9660
XTraffic_mri.p4.json,10000,1,8000,9329,41,40.278,4.581,0,9700,9845,9817,12243,12995,13794,14640,9584,13606,14452,15345,10048,14264,9982,9870,11609,12314,9730,9983,10034,9739,9329,9893,10504,11139,11820,9879,9594,9635,10222,10857,11515,12220,12972,13771,14617,15510,9463,9517,9953,11068,11750,9823,10927,11609,12314,9730,9983,10034,9739,9329
XTraffic_mri.p4.json,10000,1,10000,22983,24,52.616,26.573,0,21925,23288,24722,26249,27871,29610,10035,27518,29234,31043,32970,9685,9780,9698,9490,10062,9575,9729,9702,12102,12854,13653,14499,15392,10077,9439,9860,10974,9672,10199,10833,9535,10058,10669,9881,9917,10528,11186,11867,12596,13371,14194,15063,16003,16990,18048,19176,20374,21643,22983
XTraffic_mri.p4.json,10000,2,2000,12126,40,45.899,8.335,0,10152,10786,9983,10034,10645,11303,12008,12737,13512,14335,9396,13324,14147,9904,13160,13982,14852,9729,13818,14664,15580,16544,17578,18659,19810,9397,9800,16121,17108,8889,15909,9706,9765,12972,9669,10003,9653,9235,9799,9967,10410,11045,11726,12455,9852,11585,12290,9712,11421,12126
XTraffic_mri.p4.json,10000,2,4000,10645,40,44.690,8.272,0,9873,9765,10024,10058,10669,11327,12032,12784,13583,10131,12643,13418,9393,12478,9870,11609,12314,13066,13865,14711,9642,13677,14523,15416,16379,17390,18471,8767,10599,9920,13160,13982,14852,15768,16732,17766,10037,9490,9548,9971,11092,11773,12502,9887,11632,9712,10810,10004,10034,10645
XTraffic_mri.p4.json,10000,2,6000,9259,26,44.899,13.356,0,10810,11468,12173,9625,9881,9917,10528,11186,11867,12596,13371,9362,9786,10880,11538,12243,12995,13794,14640,15533,10179,10147,12666,9438,11773,12502,9887,9652,10199,10833,10024,10058,10669,9881,9917,10528,11186,9847,10387,9614,9658,10246,10880,11538,9638,10716,11374,9509,9675,9259
XTraffic_mri.p4.json,10000,2,8000,9799,2,41.403,6.002,0,9718,9546,10622,11280,9945,10504,11139,11820,9879,10998,11679,9768,10857,11515,9620,10692,11350,12055,12807,9553,11914,12643,13418,9999,12478,13254,9883,9712,10810,11468,12173,12925,9636,12008,12737,10062,9828,10363,10998,9691,10222,10857,11515,9620,10692,11350,10003,9653,9235,9799
XTraffic_mri.p4.json,10000,2,10000,10410,40,46.461,9.677,0,12055,12807,9553,11914,12643,13418,14241,15110,9220,9867,12314,13066,8555,12149,9607,11303,12008,12737,10062,11844,12572,9940,11679,12408,13183,9834,12267,9695,11397,10042,10598,11256,11938,12666,10010,9769,10316,10951,11632,12337,9747,11468,12173,9625,9881,9917,10528,9758,9799,10410
XTraffic_mri.p4.json,10000,0,2000,12549,12,40.836,12.420,0,10551,9778,9823,10434,11068,11750,9823,9997,9564,10152,10786,11444,9564,10645,9860,9893,10504,9717,9752,10340,10040,9611,10199,10833,11491,12196,9642,11350,10003,10551,9778,9823,10434,9655,9705,9855,9855,10293,9997,9564,10152,9868,9447,10034,9739,9329,9893,10504,11139,11820,12549
XTraffic_mri.p4.json,10000,0,4000,10293,8,40.219,6.624,0,9893,10504,11139,9808,10363,10998,11679,12408,9817,9574,10105,9804,9376,9940,9653,9235,9799,10410,11045,11726,12455,9852,9613,10152,10786,9983,10034,10645,11303,9964,10528,11186,9847,10387,11021,9711,10246,10880,11538,12243,9677,9922,9964,10575,9799,9846,10457,9676,9705,10293
XTraffic_mri.p4.json,10000,0,6000,9494,16,40.601,7.323,0,10410,9635,9682,10269,10904,11585,12290,13042,13841,9687,9572,11256,11938,9432,11092,11773,9842,9553,9588,10175,9890,9470,10058,9761,9353,9917,10528,9758,9799,10410,9635,9682,10269,9512,9541,10128,10739,9942,9987,10598,11256,11938,9432,11092,11773,9310,10951,9652,10199,9450,9494
XTraffic_mri.p4.json,10000,0,8000,9987,21,36.930,3.113,0,10019,9588,10175,10810,9516,10034,10645,11303,9964,10528,9282,9799,10410,9635,9682,10269,10904,11585,9675,10763,11421,9546,10622,9840,9870,10481,9696,9729,10316,10019,9588,10175,10810,11468,12173,9625,9881,9917,9632,9212,9776,10387,9614,9658,10246,9954,9541,10128,10739,9942,9987
XTraffic_mri.p4.json,10000,0,10000,9520,6,38.418,5.290,0,9083,10105,10716,11374,12079,12831,10150,9906,10457,9676,9705,10293,10927,9633,10175,9890,9470,10058,10669,11327,12032,10064,11186,11867,9380,9614,9658,10246,9954,9541,10128,9825,9400,9987,10598,9819,9870,10481,9696,9729,10316,9553,9588,10175,9430,9470,10058,10669,11327,12032,9520
XTraffic_mri.p4.json,10000,1,2000,9778,3,41.786,5.218,0,10034,9739,9329,9893,10504,11139,9808,10363,10998,11679,9768,10857,11515,9620,9782,9376,9940,10551,9778,9823,9990,9990,9990,10434,11068,11750,12478,9870,11609,9694,9868,9447,10034,10645,9860,9893,10504,9717,9752,10340,10974,9672,10199,10833,11491,12196,9642,11350,12055,9537,9778
XTraffic_mri.p4.json,10000,1,4000,11303,40,43.590,7.858,0,10739,11397,12102,12854,13653,14499,10152,13489,14311,9381,13324,9331,12384,13136,13935,14805,15721,16685,17719,18823,9786,17507,9887,16285,17296,9775,9932,14100,9873,13113,13912,14781,15698,16661,10165,15486,9450,14405,15298,10019,9982,9805,10904,9613,10152,10786,11444,9564,10645,11303
XTraffic_mri.p4.json,10000,1,6000,10504,41,39.666,5.016,0,10004,10034,9739,9329,9893,10504,11139,11820,12549,13324,9933,9749,9933,9517,10105,10716,11374,10023,9675,9259,9823,10434,11068,11750,12478,13254,14076,9858,9747,11468,9583,10669,11327,12032,12784,13583,14429,15322,16262,17272,18330,9522,9787,9842,9730,9983,10034,10645,9860,9893,10504
XTraffic_mri.p4.json,10000,1,8000,13371,1,42.180,6.054,0,10011,10622,9840,9870,10481,9696,9729,10316,9553,9588,10175,10810,11468,12173,12925,13724,14570,9541,9504,11844,12572,13348,14170,15040,15980,9747,14852,15768,9612,9656,10101,9799,9846,10457,11092,11773,12502,9887,11632,12337,13089,13888,14734,9657,9619,9964,10528,11186,11867,12596,13371
XTraffic_mri.p4.json,10000,1,10000,11515,1,44.903,6.988,0,9962,10121,9470,9897,9614,9658,10246,10880,10065,10105,9804,9376,9940,9653,9235,9799,10410,11045,11726,12455,9852,11585,12290,13042,9718,10062,9718,9306,9870,10481,9696,9729,10316,10951,11632,12337,9747,10004,10034,10645,9860,9893,10504,11139,9808,10363,10998,9691,10222,10857,11515
XTraffic_mri.p4.json,10000,2,2000,11468,7,41.457,6.524,0,11021,11703,9786,10880,11538,12243,9677,9922,9964,9675,9259,9823,10434,11068,9750,10293,10927,11609,12314,9730,11444,9564,10645,11303,12008,12737,9487,11844,12572,9940,11679,12408,13183,9834,9657,9825,9400,9987,10598,11256,11938,12666,9438,9769,10316,10951,11632,9712,10810,11468
XTraffic_mri.p4.json,10000,2,4000,10058,40,44.269,14.995,0,14076,9858,9747,9516,10034,10645,9860,9893,10504,11139,11820,12549,9922,11679,9768,10857,11515,9620,10692,11350,12055,12807,13606,14452,15345,10048,10015,12502,13277,14100,9236,13113,9768,12173,9625,11327,12032,12784,13583,14429,15322,16262,9187,9982,13254,9883,9712,9890,9470,10058
XTraffic_mri.p4.json,10000,2,6000,12948,2,43.429,6.188,0,12408,13183,9834,9657,10739,11397,9527,10598,11256,9906,10457,11092,11773,12502,9887,11632,9712,10810,11468,12173,12925,13724,14570,15463,1048,14382,15275,16215,9895,9951,9835,11562,12267,9695,11397,10042,10598,11256,9906,10457,11092,11773,9842,10951,9652,10199,10833,11491,12196,12948
XTraffic_mri.p4.json,10000,2,8000,9840,3,43.383,7.210,0,10857,11515,12220,9660,9901,9940,10551,11209,9867,10410,11045,9730,10269,10904,11585,12290,9712,9963,10011,9718,9306,9870,10481,11115,11797,12525,9905,9672,10199,10833,11491,12196,9642,9901,9940,10551,11209,11891,12619,13395,14217,15087,16027,9774,9827,9712,11421,9546,10622,9840
XTraffic_mri.p4.json,10000,2,10000,9823,3,44.388,8.422,0,9400,9987,9696,9282,9846,10457,11092,9769,10316,10019,9588,10175,10810,11468,12173,12925,13724,8990,12760,10080,11844,12572,13348,9949,12408,13183,14006,14875,15792,16779,17813,18917,20092,9534,18682,9706,9237,9381,13324,14147,9904,9800,9555,10081,9782,9376,9940,10551,9778,9823
XTraffic_mri.p4.json,10000,0,2000,10340,2,43.609,8.900,0,12079,12831,9570,9906,10457,9676,9705,10293,9997,9564,10152,10786,11444,10081,10645,11303,9964,10528,11186,9847,10387,11021,9711,10246,10880,11538,9638,9804,9376,9940,10551,9778,9823,10434,9655,9705,10293,10927,11609,12314,13066,13865,10329,9590,9840,9870,10481,11115,9789,10340
XTraffic_mri.p4.json,10000,0,4000,10904,38,39.173,4.941,0,9512,10045,11820,12549,13324,14147,15016,9831,9801,9620,10692,11350,12055,12807,10132,11914,12643,9992,9750,10293,10927,11609,9694,9868,9447,10034,9739,9329,9893,10504,11139,11820,9879,10998,11679,9768,9933,9517,10105,9804,9376,9940,10551,11209,9867,9967,10410,11045,11726,9805,10904
XTraffic_mri.p4.json,10000,0,6000,11444,1,39.422,4.814,0,10410,9635,9682,10269,9976,9541,10128,10739,9457,9987,10598,9819,9870,10481,9696,9729,10316,10951,11632,12337,9747,11468,9065,10669,9881,9917,9632,9212,9776,10387,9614,9658,10246,10880,9574,10105,9804,9376,9940,10551,9778,9823,10434,9655,9705,10293,10927,11609,9694,10786,11444
XTraffic_mri.p4.json,10000,0,8000,13841,41,39.355,4.826,0,9887,9652,10199,9911,9494,10081,10692,11350,12055,12807,9553,11914,12643,9992,9750,10293,10927,11609,9694,9868,9447,10034,10645,11303,12008,9485,11162,11844,12572,9372,9194,10222,10857,9555,10081,10692,11350,9490,9653,9235,9799,10410,11045,9730,9832,10269,10904,11585,12290,13042,13841
XTraffic_mri.p4.json,10000,0,10000,9964,7,37.824,4.956,0,10904,9613,10152,10786,11444,12149,9607,11303,9964,10528,11186,9847,10387,9614,9658,10246,10880,9574,10105,10716,11374,12079,9555,9799,9846,10457,9676,9705,10293,9532,9564,10152,10786,9983,10034,9739,9329,9893,9610,9212,9776,10387,11021,9711,10246,10880,9574,10105,10716,9922,9964
XTraffic_mri.p4.json,10000,1,2000,12126,40,43.853,7.144,0,11585,12290,13042,13841,9687,12854,9586,11961,12690,13465,10032,12502,13277,14100,9873,9765,9535,10058,10669,11327,12032,12784,13583,9517,9953,11068,11750,12478,13254,14076,9858,9747,11468,12173,9625,11327,9984,9632,9212,9776,10387,11021,11703,12431,13207,9850,12290,9712,11421,12126
XTraffic_mri.p4.json,10000,1,4000,13583,5,42.265,8.329,0,12290,13042,13841,9687,9572,11256,9906,10457,11092,11773,9842,10951,11632,9712,10810,11468,12173,12925,9636,9964,10528,11186,9847,10387,11021,11703,12431,9835,9594,10128,9825,9400,9987,10598,9819,9870,10481,11115,9789,10340,10974,11656,12384,13136,13935,14805,9700,13771,14617,9570,13583
XTraffic_mri.p4.json,10000,1,6000,11891,23,41.877,16.173,0,9677,11374,12079,12831,13630,14476,15369,16309,17319,18400,19528,10143,9650,9802,9768,9583,10669,9881,9917,10528,11186,11867,12596,9388,9711,10246,9954,9541,10128,9825,9400,9987,10598,11256,11938,12666,10010,9769,10316,10951,10147,10199,10833,11491,9601,9782,9376,9940,10551,11209,11891
XTraffic_mri.p4.json,10000,1,8000,14264,28,42.310,7.171,0,9881,9917,9632,9212,9776,10387,11021,11703,9786,10880,11538,12243,9677,11374,9509,10575,9799,9846,10457,11092,11773,12502,13277,14100,14969,9802,9768,9583,10669,11327,9984,10528,11186,11867,9916,11021,11703,9786,9954,9541,10128,10739,9942,9987,10598,11256,11938,12666,13442,14264
XTraffic_mri.p4.json,10000,1,10000,10222,17,47.596,33.071,0,9548,9971,9676,9705,10293,10927,11609,12314,13066,9735,9564,10645,11303,12008,12737,13512,14335,9396,9922,9691,10222,9471,9517,10105,10716,9922,9964,10575,11233,11914,12643,13418,14241,15110,16050,17037,9625,9773,13865,14711,9642,9603,9945,10504,11139,11820,12549,9922,9691,10222
XTraffic_mri.p4.json,10000,2,2000,9890,40,45.494,7.493,0,10387,11021,11703,12431,9835,11562,12267,13019,13818,9672,12831,13630,9548,9971,9676,9705,10293,9997,9564,10152,10786,11444,12149,9607,9860,9893,10504,11139,11820,12549,13324,9933,12384,13136,13935,14805,15721,10295,9641,12807,13606,14452,15345,16285,17296,9775,9932,9900,9712,9890
XTraffic_mri.p4.json,10000,2,4000,10105,12,39.565,4.493,0,10998,11679,12408,9817,11538,12243,9677,9922,9964,10575,11233,11914,9953,11068,9750,10293,10927,9633,10175,9890,9470,10058,10669,11327,9984,10528,11186,11867,12596,9957,11703,12431,13207,9850,12290,9712,9963,10011,10622,11280,11985,9467,11139,11820,12549,13324,9933,9749,9933,9517,10105
XTraffic_mri.p4.json,10000,2,6000,10011,25,45.655,11.636,0,11703,12431,9835,9594,10128,10739,11397,10042,10598,11256,11938,12666,13442,14264,9982,9870,11609,12314,9730,11444,12149,12901,9619,12008,9485,11162,9828,10363,10998,9691,10222,10857,11515,9620,10692,11350,10003,10551,11209,11891,9934,11045,11726,12455,9852,11585,12290,9712,9477,10011
XTraffic_mri.p4.json,10000,2,8000,11233,17,41.438,5.697,0,12314,13066,9735,9564,10645,11303,12008,12737,10062,11844,12572,13348,14170,9920,9800,11515,12220,9660,9901,9940,10551,9778,9823,10434,9655,9705,10293,10927,9633,10175,10810,10004,10034,9739,9329,9893,10504,11139,9808,10363,10998,11679,9768,9933,9517,10105,10716,9922,9964,10575,11233
XTraffic_mri.p4.json,10000,2,10000,9847,1,40.903,6.026,0,10716,9922,9964,9675,9259,9823,10434,11068,9750,10293,10927,10127,10175,9890,9470,10058,10669,11327,12032,12784,9537,9867,10410,9635,9682,10269,10904,11585,12290,13042,13841,9687,12854,9586,9925,10481,9696,9729,10316,10951,11632,12337,13089,9751,10101,10669,9881,9917,10528,11186,9847
XTraffic_mri.p4.json,10000,0,2000,10528,25,42.869,27.640,0,11303,12008,12737,10062,9828,10363,10998,11679,12408,13183,9238,9657,10739,9942,9987,10598,11256,9906,9567,9165,9729,9877,10316,10951,11632,9712,9890,9470,10058,9761,9353,9917,10528,9758,9799,9967,9967,10410,11045,9730,10269,10904,9613,10152,10786,11444,12149,12901,9619,9964,10528
XTraffic_mri.p4.json,10000,0,4000,11303,40,43.080,12.249,0,9890,9470,10058,10669,11327,12032,10064,9758,9799,10410,11045,11726,12455,13230,9867,12314,13066,13865,14711,9642,10185,11985,9467,11139,9808,10363,10998,11679,9768,10857,10045,10081,10692,11350,12055,9537,9301,9823,10434,9655,9705,10293,10927,11609,9694,9868,9447,10034,10645,11303
XTraffic_mri.p4.json,10000,0,6000,10410,2,38.497,5.237,0,9751,9583,10669,9881,9917,9632,9212,9776,10387,11021,9711,10246,10880,10065,10105,10716,9438,9964,9675,9259,9823,10434,9655,9705,10293,9532,9564,10152,10786,9496,10034,10645,9860,9893,10504,9717,9752,10340,10974,9672,10199,10833,9535,10058,10669,9399,9917,10528,9758,9799,10410
XTraffic_mri.p4.json,10000,0,8000,9106,1,37.037,3.243,0,9940,10551,9778,9823,10434,9184,9705,10293,9997,9564,10152,10786,9496,10034,10645,9860,9893,10504,9717,9752,10340,9573,9611,10199,9450,9494,10081,9782,9376,9940,10551,9778,9823,10434,11068,9750,10293,10927,11609,9694,10786,11444,9564,10645,9860,9893,10504,9717,9752,10340,9106
XTraffic_mri.p4.json,10000,0,10000,9940,13,39.674,5.215,0,10528,9758,9799,10410,11045,9231,10269,10904,11585,12290,9712,11421,9546,9718,9306,9870,10481,11115,9789,10340,10974,9672,10199,9911,9494,10081,10692,11350,12055,9537,11209,9867,10410,11045,11726,12455,13230,9867,12314,9174,9496,10034,10645,11303,12008,12737,10062,11844,12572,9940
XTraffic_mri.p4.json,10000,1,2000,11679,40,42.314,7.537,0,11209,11891,12619,9975,11726,12455,9852,11585,12290,13042,9718,12126,12878,13677,14523,9512,13489,14311,9381,9922,11679,12408,9817,11538,12243,12995,13794,14640,9584,10132,11914,12643,9992,9750,10293,10927,11609,9694,9868,9447,10034,9739,9329,9893,10504,11139,11820,9879,10998,11679
XTraffic_mri.p4.json,10000,1,4000,9858,40,38.802,3.782,0,11797,12525,13301,14123,9889,13136,13935,9765,9660,11350,12055,10082,9778,9823,10434,11068,11750,12478,9870,11609,12314,13066,13865,14711,9642,13677,14523,9512,10045,11820,12549,9922,9691,10222,10857,11515,12220,12972,13771,14617,15510,9463,14429,15322,10034,9999,12478,13254,14076,9858
XTraffic_mri.p4.json,10000,1,6000,14734,21,40.319,5.287,0,9682,9832,10269,9976,9541,10128,9825,9400,9987,10598,11256,11938,12666,13442,14264,9982,9870,9633,10175,10810,11468,9583,10669,9881,9917,9632,9212,9776,10387,9614,9658,10246,10880,11538,12243,12995,13794,14640,15533,9477,9532,12666,13442,14264,15134,16074,9801,14946,9787,13888,14734
XTraffic_mri.p4.json,10000,1,8000,9583,28,41.325,7.002,0,9652,10199,9450,9494,10081,10692,11350,12055,12807,13606,14452,15345,16285,9936,9982,9870,11609,12314,13066,13865,9703,12878,13677,14523,9512,13489,14311,15204,9961,9933,9749,10857,9555,10081,9782,9376,9940,10551,9778,9823,10434,11068,11750,12478,13254,14076,14946,9787,9751,9583
XTraffic_mri.p4.json,10000,1,10000,9376,14,43.200,5.709,0,10175,10810,11468,12173,9625,11327,12032,12784,13583,10131,9953,11068,11750,12478,9870,9633,10175,9890,9470,10058,10669,9881,9917,9632,9212,9776,10387,11021,11703,12431,13207,14029,9827,9712,9477,10011,10622,11280,9945,10504,9717,9752,10340,9573,9611,10199,10833,11491,9601,9782,9376
XTraffic_mri.p4.json,10000,2,2000,13771,10,43.703,12.452,0,10857,11515,12220,9660,11350,12055,12807,10132,11914,12643,9992,9750,10293,10927,9633,10175,9890,9470,10058,10669,11327,9984,10528,9758,9799,10410,11045,11726,9805,10904,11585,12290,13042,9718,9546,10622,11280,11985,12713,13489,14311,10675,13324,9933,12384,9782,11515,12220,12972,13771
XTraffic_mri.p4.json,10000,2,4000,9940,6,41.847,7.057,0,11585,12290,13042,13841,14687,15604,9517,9563,9990,9696,9729,10316,10951,9652,10199,10833,10024,10058,9761,9353,9917,10528,9758,9799,10410,11045,11726,9805,10904,11585,9675,10763,11421,12126,9590,11280,9435,10504,11139,9808,10363,10998,11679,9768,10857,11515,12220,9660,9901,9940
XTraffic_mri.p4.json,10000,2,6000,12807,5,44.427,7.076,0,10105,10716,11374,12079,9555,9799,9846,10457,11092,9769,10316,10019,9588,10175,10810,11468,12173,9625,11327,12032,12784,9537,11891,12619,13395,14217,9309,13207,14029,9827,13042,13841,14687,15604,9517,9563,9990,11115,9789,10340,10974,11656,12384,13136,9784,9601,10692,11350,12055,12807
XTraffic_mri.p4.json,10000,2,8000,11209,6,39.315,4.720,0,10716,11374,10023,10575,11233,11914,9953,9655,9705,9855,10293,10927,9633,10175,9890,9470,10058,9761,9353,9917,10528,11186,9847,10387,9614,9658,10246,9954,9541,10128,10739,11397,9527,10598,11256,11938,12666,10010,9769,10316,10951,9652,10199,10833,11491,9601,10692,9901,9940,10551,11209
XTraffic_mri.p4.json,10000,2,10000,9778,13,41.416,6.029,0,10716,9922,9964,10575,9799,9846,10457,11092,11773,9842,10951,9652,10199,10833,11491,9601,10692,9901,9940,10551,11209,9867,10410,11045,11726,9805,9976,9541,10128,9825,9400,9987,10598,11256,11938,12666,9438,9769,10316,10951,9652,10199,10833,11491,12196,9642,11350,10003,10551,9778
XTraffic_mri.p4.json,10000,0,2000,9423,1,43.181,8.368,0,9376,9940,9653,9235,9799,10410,11045,9730,9832,10269,10904,9613,10152,10786,9983,10034,9739,9329,9893,10504,9717,9752,10340,10974,11656,9749,9933,9517,10105,10716,9922,9964,9675,9259,9823,9990,10434,11068,11750,12478,13254,14076,9858,13089,13888,14734,8991,13700,14546,15439,9423
XTraffic_mri.p4.json,10000,0,4000,10481,1,41.126,6.565,0,10669,9881,9917,10528,9758,9799,10410,9635,9682,9832,10269,9976,9541,10128,9825,9400,9987,10598,9819,9870,10481,11115,11797,9860,10974,9672,10199,10833,11491,9601,10692,11350,12055,9537,11209,11891,12619,9975,9730,10269,9976,9541,10128,10739,11397,10042,10598,9819,9870,10481
XTraffic_mri.p4.json,10000,0,6000,11045,10,41.537,6.661,0,9625,11327,9984,10528,11186,9847,10387,11021,11703,12431,9835,9594,10128,9825,9400,9987,9696,9282,9846,10457,11092,11773,9842,10951,11632,12337,9747,9516,10034,10645,11303,12008,12737,10062,11844,12572,13348,9949,9768,10857,9555,10081,10692,11350,10003,9653,9235,9799,10410,11045
XTraffic_mri.p4.json,10000,0,8000,14241,12,41.097,6.143,0,11186,11867,12596,13371,9966,9786,9954,9541,10128,10739,11397,12102,9572,9819,9870,9589,9188,9752,10340,9573,9611,10199,10833,11491,9601,10692,11350,12055,12807,9553,11914,12643,9421,9750,10293,10927,9633,10175,9890,9470,10058,10669,11327,12032,12784,13583,8289,12643,13418,14241
XTraffic_mri.p4.json,10000,0,10000,9273,36,39.905,12.708,0,9379,10434,9655,9705,10293,10927,11609,12314,9730,9496,10034,9739,9329,9893,10504,11139,11820,12549,9922,11679,9240,9471,9517,10105,10716,11374,9509,9675,9259,9823,10434,9655,9705,10293,10927,11609,9694,9868,9447,10034,10645,9860,9893,9610,9212,9776,10387,11021,11703,12431,9273
XTraffic_mri.p4.json,10000,1,2000,9870,15,42.223,6.687,0,10410,11045,11726,12455,13230,14053,14922,15839,9666,9718,12901,13700,9594,12737,10062,9828,10363,10998,11679,9768,10857,11515,9620,10692,11350,12055,12807,13606,9532,9971,11092,11773,9842,10951,11632,12337,13089,9751,10101,10669,11327,12032,12784,13583,10131,12643,9992,11750,12478,9870
XTraffic_mri.p4.json,10000,1,4000,9588,36,39.325,4.810,0,11092,11773,12502,13277,14100,14969,9126,13912,14781,9686,9652,12032,12784,13583,14429,15322,16262,9922,9982,9870,11609,12314,13066,13865,9703,12878,13677,14523,9512,10045,9808,10363,10998,11679,12408,9817,11538,9638,10716,11374,10023,10575,9799,9846,10457,11092,9769,10316,9553,9588
XTraffic_mri.p4.json,10000,1,6000,9587,7,40.297,4.870,0,11726,12455,13230,14053,14922,9773,13865,9703,9590,9840,9870,10481,9696,9729,10316,10019,9588,10175,10810,11468,9583,10669,11327,12032,12784,13583,9517,12643,13418,14241,15110,9903,9867,9694,10786,11444,12149,12901,13700,14546,15439,16403,10003,15251,16191,17202,18259,19387,10074,9587
XTraffic_mri.p4.json,10000,1,8000,10128,9,41.010,4.024,0,15087,16027,17014,18071,19199,20398,9681,18964,20139,9555,9962,9423,9470,9897,9614,9658,9810,10246,9491,9541,10128,9825,9400,9987,9696,9282,9846,10457,11092,9769,10316,9553,9588,10175,10810,11468,12173,12925,13724,14570,9541,13536,10098,9916,9614,9658,9810,10246,9954,9541,10128
XTraffic_mri.p4.json,10000,1,10000,11538,1,41.786,4.503,0,9614,9658,10246,10880,9574,10105,10716,9922,9964,9675,9259,9823,9990,10434,11068,11750,12478,13254,14076,14946,9787,9751,9583,9761,9353,9917,10528,9758,9799,10410,9635,9682,10269,10904,10106,10152,10786,9983,10034,10645,11303,12008,10027,9737,9776,10387,9614,9658,10246,10880,11538
XTraffic_mri.p4.json,10000,2,2000,11421,40,42.166,5.653,0,11021,9711,10246,10880,11538,9638,9804,9376,9940,10551,11209,9867,10410,11045,11726,12455,13230,14053,14922,15839,9666,9718,9607,9379,9893,10504,9717,9752,10340,10974,11656,12384,9782,11515,12220,12972,13771,9641,9537,11209,9867,10410,11045,11726,9275,10904,11585,12290,9712,11421
XTraffic_mri.p4.json,10000,2,4000,12055,40,40.942,4.579,0,11585,9675,10763,11421,12126,9590,11280,11985,12713,13489,14311,10028,13324,9933,12384,9782,11515,9620,10692,11350,9490,10551,11209,11891,12619,9975,11726,12455,13230,9867,12314,13066,13865,9703,12878,9021,11985,12713,13489,10048,9860,10974,11656,9749,10857,11515,12220,9660,11350,12055
XTraffic_mri.p4.json,10000,2,6000,10551,40,42.714,6.289,0,12243,12995,13794,9656,9555,9799,9846,10457,11092,11773,12502,13277,14100,14969,9802,9768,9583,10669,11327,12032,9520,9758,9799,10410,11045,11726,12455,9852,11585,12290,10267,11421,12126,12878,9603,11985,12713,13489,14311,9381,13324,14147,15016,9831,9801,9620,10692,9901,9940,10551
XTraffic_mri.p4.json,10000,2,8000,13606,9,43.410,6.158,0,10692,11350,12055,9537,9778,9823,10434,11068,11750,9823,10927,9633,10175,10810,10004,10034,10645,11303,9964,10528,11186,11867,9916,11021,11703,9786,9954,9541,10128,10739,11397,12102,12854,13653,14499,15392,16332,9225,15181,9261,14123,9889,9223,11515,12220,9108,11350,12055,12807,13606
XTraffic_mri.p4.json,10000,2,10000,11844,40,45.930,9.419,0,9669,12055,9537,11209,11891,12619,13395,14217,15087,16027,17014,9612,9758,9718,12126,12878,13677,9579,12713,10045,11820,12549,13324,14147,15016,15933,9720,9765,9660,11350,12055,12807,9553,11914,9953,11068,11750,12478,13254,14076,14946,9112,13888,14734,15651,9544,9594,12737,9487,11844
